Doc 0:((top topic:5) topic distribution:[0.003125 0.034375 0.096875 0.003125 0.128125 0.315625 0.003125 0.003125
 0.003125 0.159375 0.003125 0.003125 0.003125 0.003125 0.003125 0.003125
 0.128125 0.065625 0.003125 0.034375])
Doc 1:((top topic:2) topic distribution:[0.00454545 0.00454545 0.23181818 0.00454545 0.23181818 0.00454545
 0.00454545 0.00454545 0.00454545 0.00454545 0.00454545 0.00454545
 0.00454545 0.23181818 0.00454545 0.00454545 0.00454545 0.23181818
 0.00454545 0.00454545])
Doc 2:((top topic:1) topic distribution:[0.04782609 0.26521739 0.00434783 0.00434783 0.13478261 0.00434783
 0.00434783 0.00434783 0.09130435 0.04782609 0.00434783 0.00434783
 0.00434783 0.09130435 0.00434783 0.00434783 0.00434783 0.00434783
 0.00434783 0.26521739])
Doc 3:((top topic:14) topic distribution:[0.08461538 0.00769231 0.08461538 0.08461538 0.00769231 0.00769231
 0.00769231 0.00769231 0.00769231 0.00769231 0.00769231 0.00769231
 0.00769231 0.00769231 0.46923077 0.00769231 0.16153846 0.00769231
 0.00769231 0.00769231])
Doc 4:((top topic:9) topic distribution:[0.00294118 0.00294118 0.00294118 0.12058824 0.00294118 0.00294118
 0.00294118 0.15       0.03235294 0.32647059 0.00294118 0.00294118
 0.00294118 0.06176471 0.00294118 0.00294118 0.00294118 0.00294118
 0.00294118 0.26764706])
Doc 5:((top topic:10) topic distribution:[0.14642857 0.00357143 0.21785714 0.00357143 0.03928571 0.00357143
 0.00357143 0.00357143 0.00357143 0.00357143 0.36071429 0.00357143
 0.18214286 0.00357143 0.00357143 0.00357143 0.00357143 0.00357143
 0.00357143 0.00357143])
Doc 6:((top topic:3) topic distribution:[0.0027027  0.08378378 0.0027027  0.3        0.05675676 0.0027027
 0.08378378 0.0027027  0.0027027  0.0027027  0.11081081 0.02972973
 0.0027027  0.0027027  0.0027027  0.0027027  0.24594595 0.0027027
 0.0027027  0.05675676])
Doc 7:((top topic:6) topic distribution:[0.0047619  0.0047619  0.0047619  0.0047619  0.05238095 0.1952381
 0.29047619 0.0047619  0.0047619  0.05238095 0.0047619  0.0047619
 0.0047619  0.0047619  0.0047619  0.0047619  0.0047619  0.05238095
 0.24285714 0.05238095])
