1 0.299423 0.506787 0.020760 0.074212 1.006747 0.109633 0.301564 0.618109 0.466494 0.959239 0.252703 -0.607880 -0.933356 1.861198 0.097295 -0.002742 0.402405 -0.188116 1.075432 -0.492098 
2 -0.445363 0.130505 0.151602 0.453979 0.757941 0.339310 0.505565 1.282469 -0.582128 0.383982 1.071480 -1.054078 0.325185 1.941145 -0.880036 0.232740 0.485414 -0.965974 0.600844 -1.541609 
3 -0.015335 0.003620 0.017108 0.004231 0.012367 0.021582 -0.024812 -0.014991 0.004751 0.009964 0.009408 0.021806 0.014908 0.001946 0.005117 0.007925 0.009335 -0.006028 -0.024757 -0.016377 
6 -0.271886 0.401273 -1.451298 0.309387 0.099960 -1.003915 -0.243992 0.098128 -0.133952 -1.616541 -0.686777 -1.950831 -0.247462 0.814418 0.808925 0.580513 -0.612080 -1.414628 -2.093732 -1.296537 
15 -0.264808 0.389789 -1.453846 0.298039 0.100275 -0.999716 -0.245904 0.094546 -0.148275 -1.611161 -0.688900 -1.930359 -0.267273 0.801701 0.792309 0.566267 -0.611399 -1.420858 -2.092926 -1.314265 
17 -0.001006 -0.013745 0.012156 -0.020981 0.014268 -0.022064 -0.004765 0.020557 -0.001890 0.018812 -0.010481 -0.014436 0.006777 0.007344 -0.023050 0.021075 -0.021779 -0.022353 -0.011157 0.000095 
45 -1.036786 -0.227292 -0.207804 0.691975 0.264668 -0.326682 -1.337191 0.533592 -0.066473 -0.914182 1.454631 -2.229034 0.338428 0.141640 -0.830788 1.726163 -0.087083 -1.261539 -0.887068 0.709945 
52 0.537976 1.583848 -0.278398 0.048562 -0.218857 0.877724 -0.174140 1.805784 1.778239 -0.932276 0.792257 -1.788722 0.545284 1.247977 0.951910 0.584673 -1.130241 0.003262 -0.637910 -0.014592 
99 -0.274304 0.398949 -1.463637 0.276138 0.111136 -0.997668 -0.260995 0.074036 -0.131730 -1.654646 -0.717304 -1.917711 -0.254906 0.812444 0.798932 0.604596 -0.621041 -1.397704 -2.089025 -1.296875 
21 -1.359276 1.025079 -0.148142 -0.940809 0.817528 0.428094 -0.237000 0.096981 0.047233 0.229637 0.489736 -0.217975 -1.655848 0.208250 -0.397766 -0.247886 -0.217011 -0.284514 -1.168671 0.656620 
22 -0.306312 1.765875 -0.228331 -0.593573 0.721834 0.758571 -0.174969 1.378660 1.510589 0.062216 0.458323 -0.632847 -0.925076 0.474271 0.229744 -0.309270 -0.066180 0.455265 -0.965051 0.953401 
23 1.020325 0.316987 0.320075 -0.379446 -0.783965 0.310698 -0.708773 -0.006119 1.263433 -0.540824 0.883066 0.393264 -1.016523 0.021138 -0.055328 0.343019 -1.783816 0.403409 -0.233604 0.363562 
5 0.010525 -0.016551 0.016731 0.003802 -0.018419 0.001711 -0.017325 0.007742 -0.024489 0.018167 0.008491 0.011578 -0.017850 -0.005107 0.004199 -0.007189 0.016910 0.019789 -0.001547 -0.001395 
7 0.000677 0.007865 0.010400 0.018387 0.012164 0.017105 0.006016 -0.003074 -0.011634 -0.000671 0.013258 0.020782 0.020900 -0.019011 -0.021178 0.010766 0.005926 -0.007652 0.024756 0.009962 
8 -0.009800 -0.000405 0.005012 0.020578 0.022586 0.009677 0.019269 0.009382 -0.007922 -0.020628 0.006169 0.008486 -0.009564 -0.008753 -0.004649 -0.004510 0.002029 0.022676 -0.003338 -0.012570 
9 -0.024251 -0.021823 0.012361 0.005735 0.005599 -0.005116 0.021954 -0.020479 -0.013395 0.003291 -0.002712 -0.010075 -0.006309 0.019951 -0.009735 -0.015979 0.005203 0.008256 -0.006576 0.021835 
11 -0.020430 0.009988 -0.012364 0.011384 -0.023608 -0.012042 -0.015217 -0.021022 0.013551 0.010470 0.014938 0.015443 0.015692 -0.014926 -0.000071 -0.010104 0.003434 -0.014917 -0.004061 -0.011128 
12 -0.006777 0.000240 -0.017776 -0.022839 -0.008508 -0.024783 0.013983 -0.021211 -0.006413 0.013923 0.012277 -0.006091 -0.022668 0.022009 -0.020997 -0.015895 0.013868 -0.010882 -0.005757 -0.010023 
13 -0.017634 -0.017625 -0.024919 0.008389 -0.022205 0.001279 0.007278 -0.023610 0.018493 0.018211 0.024446 0.024875 0.015710 -0.018747 0.018739 0.012245 0.007002 -0.007228 0.004022 0.016122 
14 -0.016705 0.022479 -0.021950 0.023827 0.006961 0.022740 0.007838 -0.007246 -0.019157 0.017528 -0.014769 0.013626 -0.013000 0.017467 -0.009787 -0.018263 0.009837 0.001600 0.018887 0.015982 
16 0.024426 -0.017921 0.015312 -0.009249 -0.018419 -0.005065 0.020457 -0.009639 0.011279 -0.010350 0.006474 -0.014779 0.019894 0.019697 0.014076 -0.022089 0.012997 -0.010450 -0.008129 0.006495 
18 -0.002715 0.020256 0.017631 0.003460 0.017354 -0.012945 -0.002227 0.009864 0.006446 0.018219 0.020491 -0.016472 -0.012175 -0.002721 0.021644 0.001281 0.018400 -0.014001 -0.005331 0.014753 
19 -0.019046 0.009645 -0.014471 -0.009709 0.018216 0.004278 0.021065 -0.017866 0.019697 0.007246 0.004565 -0.005587 -0.011532 -0.013894 0.004421 -0.007057 -0.017100 -0.020019 0.022552 -0.024640 
24 -0.631596 0.427281 0.212543 -1.623742 0.850068 -0.850608 0.138421 0.092961 0.076118 0.556559 1.241225 -0.978984 -0.916644 0.295022 -1.269071 -0.450183 -1.661761 0.429642 -1.875524 0.835337 
25 -1.011028 2.155040 -1.261450 -1.108193 0.284144 0.959377 0.291348 -0.800945 -0.410356 -0.276096 0.683593 0.461650 -0.902496 0.493339 -0.375090 -0.217645 -0.874769 0.478265 -0.939630 -0.259565 
26 -1.304646 1.101478 -0.168946 -0.964949 0.764215 0.393483 -0.218252 0.142824 0.038333 0.259889 0.501729 -0.096508 -1.762668 0.234378 -0.350895 -0.108661 -0.234840 -0.226313 -1.121791 0.606457 
27 -1.394975 1.049648 -0.147085 -0.965616 0.769708 0.477276 -0.228501 0.114467 0.012960 0.229080 0.501703 -0.136664 -1.698823 0.229346 -0.375100 -0.138789 -0.127848 -0.288147 -1.073137 0.643942 
28 -0.022459 0.132492 -0.864504 0.095985 -0.673069 -0.374077 0.760819 -0.075777 -0.030968 0.670751 2.628306 -1.739560 1.129752 0.516106 -0.422547 -0.090514 -2.053283 -1.743166 -1.908344 -0.006918 
63 -0.241209 0.533089 -0.157007 -0.975043 0.318517 0.053297 0.013773 0.171956 0.010250 0.698535 2.161160 -1.369146 -0.966565 -0.109309 -0.987197 -1.100470 -1.620602 -0.610059 -1.352663 1.185665 
29 0.639726 1.037193 0.048366 0.190107 -0.754661 0.420213 0.450626 0.987312 1.285945 -0.787955 -0.248381 -1.738611 0.580450 -0.332415 1.005695 1.220223 -0.498765 -0.743293 -1.291444 -0.723228 
64 -0.287235 1.652080 0.277063 -0.801139 -0.138529 0.589421 -0.350847 0.493744 0.899273 0.339342 -0.406639 -1.026960 -0.712994 -0.610966 1.042387 0.163293 0.400637 -0.109702 -1.739565 0.298500 
31 -0.728714 -0.582295 -1.765762 -0.460615 -1.986438 1.067363 -0.436500 -0.208875 0.934755 -1.829985 0.992874 -1.835760 -0.837282 1.089074 -0.863833 1.241779 0.153595 -0.501235 -0.519974 -0.753599 
65 -1.358170 0.034420 -0.726728 -1.521067 -0.393034 1.167553 -0.977353 -0.022238 0.639606 -0.564614 0.889364 -1.122669 -2.355397 0.318663 -1.175238 -0.193652 0.078905 0.622908 -0.484525 0.521036 
32 -1.845559 0.169975 -0.711862 0.646460 -0.495612 -1.206564 -1.091230 -0.094445 1.493871 -0.551982 2.640549 -0.365186 0.074924 0.666043 1.061988 1.024687 -0.675595 -0.654421 -1.063100 -1.514204 
66 -1.811628 1.021518 -0.126502 -0.583395 0.848405 -0.224319 -1.553578 -0.134648 1.067833 0.471265 2.018029 0.534914 -1.356616 0.002135 0.106400 -0.282985 -0.375722 -0.295311 -0.786226 -0.192235 
33 -1.545353 0.471274 0.247682 -1.141899 0.869329 -0.851498 -0.634827 0.905906 -0.323800 -0.134625 -0.287163 -0.053358 -1.148444 0.610586 -1.228930 1.114952 -1.074748 1.014582 -1.643813 0.034462 
67 -0.450308 0.136505 0.396021 -0.942823 -0.000624 -1.499682 -0.343559 0.402732 0.536761 -1.287491 0.644244 -0.962168 -0.119413 1.573817 -0.717851 1.575533 -2.095519 0.400017 -1.426518 -1.066906 
34 -0.935655 -0.116169 -0.654186 -1.225283 0.583401 0.569241 -1.763111 2.246494 -0.661245 -1.719434 0.717492 -0.074778 0.970228 0.890086 1.214633 2.311003 -0.123911 -0.589088 -1.479625 -0.653757 
10 0.000994 0.011601 0.003893 -0.001722 0.015120 -0.020888 -0.021486 0.011393 -0.012468 0.013678 0.002818 -0.003681 0.002317 0.015919 -0.022038 -0.019740 0.018004 0.005296 -0.010965 0.000755 
68 -1.156449 0.031695 -0.501814 -1.013701 1.245040 1.085292 -1.764118 1.148386 0.583942 -2.915890 0.208012 -0.394017 0.895662 1.671626 1.372273 0.917132 -0.772515 -1.371312 -0.953189 -1.140520 
35 0.843001 0.264575 -1.146033 -1.503452 0.181086 0.140142 -0.663553 1.977464 -0.852244 -1.885190 0.290644 -1.012718 0.216376 0.020303 -1.772686 1.650051 -1.619867 -1.744715 0.335966 0.102084 
69 1.067922 1.192091 -0.905727 -1.124166 -0.367616 0.056388 -1.941449 1.589855 0.251694 -2.092847 0.886303 -1.077756 -0.163859 0.326860 -1.383410 1.229604 -2.799847 -1.266062 0.842767 0.052389 
36 0.835912 1.042502 -0.447495 0.496241 1.565945 0.843992 -1.840002 0.249480 -0.606039 -0.315894 2.056320 -0.096278 1.544407 0.450704 -0.677271 1.403905 -1.686561 -0.819383 -2.229621 -1.619523 
70 1.675182 0.183642 0.051188 -0.087753 0.355653 1.446818 -2.234488 0.038953 0.323944 -0.846400 2.153869 -0.280823 0.723669 1.702085 -0.239092 0.705700 -2.106291 -0.583773 -1.907518 -1.924681 
37 -1.103182 1.584294 2.314076 1.605327 -0.024830 0.469797 -0.184578 0.369141 -1.184775 -1.993587 0.597779 -1.185035 0.270159 1.360674 0.562826 1.463835 -1.710547 0.243316 -0.570192 0.829923 
71 -0.877334 0.868816 1.798363 1.125738 -0.127173 1.347215 -1.041888 0.030325 -0.247109 -2.135141 1.123759 -1.855807 -0.178520 0.947555 0.343448 0.886828 -2.892307 0.531220 -0.359556 0.772393 
38 -0.374855 -0.910354 -0.701267 1.396398 0.237299 0.569067 -0.589800 0.521647 0.138113 -2.086152 1.130298 1.382824 -0.912460 0.298215 -0.995349 1.725114 -0.168947 -2.555664 -1.346434 -1.008830 
72 -0.030696 -1.223136 -0.710571 0.788812 0.469967 1.202675 -0.770489 0.100634 0.906157 -2.412241 1.682211 0.976663 -1.358927 0.214971 -1.379065 1.169795 -1.770176 -2.459605 -1.277714 -0.550301 
39 0.515887 1.229882 0.421485 -0.715885 -0.310106 -0.520134 -0.274997 -0.681328 -0.201418 -0.412816 -0.372132 -0.561274 -1.854209 -0.801315 -0.311387 0.194055 0.054808 -1.364748 -1.202500 -0.586832 
73 0.177142 0.890984 0.376456 -0.465227 0.050497 0.134040 -0.424680 -0.322177 -0.136700 0.333292 -0.625077 -0.492950 -2.142694 -1.074084 0.084462 -0.196742 -0.679609 -0.949143 -1.376610 -0.979478 
41 0.143203 0.860524 1.105019 -0.919953 -2.380204 0.595722 -1.119813 -0.098701 -0.040595 0.290301 1.037768 -1.048071 0.150502 0.046556 0.393438 1.154742 -0.696935 -1.993809 -0.240753 -1.045866 
74 -1.084541 1.069980 1.163482 -1.423486 -0.277715 0.880121 0.259186 -0.025679 -0.142092 0.900061 0.732764 0.144351 -0.908731 -1.081071 -0.480534 1.214737 -0.037389 -0.681863 -0.835842 0.266690 
42 0.297157 -0.393492 -1.163169 0.328819 -0.306397 -0.143814 -0.760186 -0.211977 -0.267388 0.781870 0.321346 -1.024223 -0.024021 1.725150 0.426477 2.724611 -1.651310 -1.204037 -0.673648 0.190333 
75 0.004000 0.137560 -0.680414 -0.646770 0.531917 0.169621 -0.467869 -0.173759 -0.201335 0.958183 0.750277 -0.444354 -1.825973 1.086792 0.602681 1.477184 -0.611290 -0.493106 -0.294092 1.165963 
43 -0.249963 2.065861 -2.007393 0.329174 -1.317269 0.519739 0.706089 -0.211080 -0.931833 -1.322998 1.565528 0.238498 0.586913 1.285350 0.138123 1.265127 -0.905575 0.354857 -1.273157 -1.391106 
76 -0.986369 2.247875 -1.396967 -1.129688 0.257775 0.986820 0.344904 -0.921040 -0.376030 -0.313314 0.676291 0.494318 -0.818745 0.500894 -0.366505 -0.261178 -0.948710 0.538886 -0.886460 -0.313770 
44 -1.488158 0.236888 0.090798 -0.903337 -2.060988 -1.395713 0.664332 1.814212 0.486904 -1.382448 0.890834 0.011836 0.541760 1.432708 0.812479 0.009505 -1.307159 -2.427207 -0.701374 0.482673 
77 -1.472067 -0.133153 -0.185158 -1.580229 -1.932281 -0.396797 0.323684 1.230953 1.459010 -1.548524 0.549690 -0.435507 0.109362 1.358135 0.765086 -0.137558 -2.612422 -2.213802 -0.320546 0.167384 
46 -1.360756 1.071024 -0.153579 -0.884966 0.827214 0.446089 -0.209210 0.122089 0.029923 0.217169 0.500707 -0.155196 -1.703442 0.199675 -0.324245 -0.200532 -0.159584 -0.326030 -1.113712 0.652436 
47 -0.666107 0.735953 -1.322665 -1.697204 -0.613184 0.257491 0.297293 -0.365521 -0.173625 0.506527 0.158644 0.702241 -1.269514 1.491056 0.867716 0.191069 -1.391330 -0.569763 -0.205148 0.840467 
48 -1.954996 1.081513 -0.906943 -1.066608 0.679757 0.023627 -0.543523 1.177355 -0.767051 -0.339186 0.706296 -0.424309 -1.593144 -0.764291 0.096781 -0.291074 -0.358629 -0.567822 -0.042554 0.563241 
50 -0.463122 0.123030 0.398324 -0.952220 0.008004 -1.509073 -0.384463 0.437768 0.531155 -1.277179 0.641330 -0.953647 -0.137513 1.562899 -0.712566 1.582454 -2.136310 0.399358 -1.439012 -1.073616 
51 -1.359613 -1.202158 0.586329 -0.032808 -1.211698 0.565784 0.022087 0.919982 -1.475140 -2.025835 1.325594 -1.221054 0.676130 0.686919 -0.531568 0.536578 -1.626909 -0.990170 -2.002425 -1.787704 
59 0.729189 -0.241038 -0.732819 -0.002268 -0.123025 0.264569 -0.477043 0.148601 -0.031394 0.124122 0.968095 -0.668453 -0.924330 2.141126 1.006284 2.412872 -1.463353 -1.123082 0.198153 0.461394 
57 -0.196028 0.964529 1.216895 0.216304 -1.223365 0.792681 -1.108096 0.325467 -0.219285 -0.662317 0.968230 -0.739749 -0.762369 -0.896736 0.561167 2.470924 -0.459667 -0.686752 -0.002636 -1.632946 
86 -0.892832 1.154489 1.252710 -1.408855 -0.384581 0.911928 0.033346 -0.084205 -0.058870 0.843906 0.560809 0.026725 -1.058606 -1.189254 -0.272807 1.076988 -0.099718 -0.694812 -0.928769 0.141419 
58 -0.582106 0.441481 -0.408905 0.859529 -0.526956 0.168220 0.163007 0.074506 -0.736109 -1.047259 0.668326 1.235079 -0.863088 1.019717 0.413025 0.599229 -0.728808 -0.610597 -0.780413 1.263157 
87 -1.050494 0.183959 -0.300604 -0.010699 0.852993 1.243783 0.070814 -0.614385 0.043167 -0.612746 -0.078629 0.545990 -1.059978 0.634103 0.086598 -0.103340 -1.427419 -0.657803 -0.454431 1.386256 
60 0.707512 -1.052860 -0.667901 -0.732402 -0.211861 -0.094343 0.143778 0.064606 -0.976011 -1.015006 1.193333 -1.370839 -1.244614 1.252889 1.541718 2.429491 -0.677988 -1.133727 0.112995 0.136494 
88 -0.257328 0.224351 -0.637519 -0.684930 0.604008 0.211684 -0.466515 -0.242963 -0.223312 1.033576 0.560881 -0.201907 -1.854090 1.030485 0.557527 1.311913 -0.478293 -0.400561 -0.386724 1.313949 
61 -1.469087 1.389841 -0.068070 -0.195372 0.981697 -0.239326 0.592975 -0.020069 0.253024 -0.691593 1.255402 -0.473212 -1.897702 -0.157926 -0.821830 0.554419 0.557438 0.165049 -0.966350 0.708793 
91 -1.300026 1.147336 -0.152707 -0.926909 0.804395 0.463735 -0.159305 0.108657 0.077448 0.248188 0.544053 -0.080398 -1.746313 0.237280 -0.295204 -0.132302 -0.245882 -0.293992 -1.130182 0.658961 
111 -0.728514 -0.822936 0.643217 0.599284 0.587372 0.055595 -0.291466 0.946377 -0.721718 -0.128720 1.090624 -1.838264 0.405525 1.444756 -1.138070 0.089198 0.368057 -0.838375 0.167141 -1.238627 
79 -1.087503 0.656894 0.501561 -2.083010 1.218637 -0.854619 -0.159760 -0.131393 0.651239 -0.227112 0.357770 -0.311388 -1.316124 0.909129 -0.941687 0.411394 -1.158442 0.805098 -1.588140 0.237979 
103 -0.770039 0.259036 0.816846 -0.665221 -0.148499 1.831712 1.072544 -0.253550 0.550304 -0.355062 0.311098 -1.062595 0.845685 -0.995496 -0.331780 2.056025 -1.375387 -1.787919 -0.156431 -0.583656 
92 -1.275191 1.058197 -0.118336 -0.980166 0.757022 0.451315 -0.240217 0.094963 0.071752 0.280724 0.523047 -0.101569 -1.833396 0.278663 -0.409731 -0.144124 -0.218436 -0.322582 -1.130486 0.607147 
93 -0.991392 0.850251 0.134644 0.200612 0.868661 -0.289167 0.289282 0.627705 -0.279491 -0.062988 0.721340 -0.782908 0.593602 1.793953 -0.599518 0.694754 0.225704 -1.250123 1.396417 -1.800783 
98 -0.754354 -0.610664 0.556786 0.136323 0.072574 0.481195 0.588612 1.046723 -0.964016 -0.245180 0.896306 -0.912572 0.316545 1.695518 -0.526762 -0.168442 -0.232585 -0.491967 0.193520 -2.070019 
100 -1.376741 1.030962 -0.156738 -0.911230 0.877770 0.356525 -0.204629 0.135844 0.029561 0.174968 0.510013 -0.183955 -1.709799 0.205766 -0.378318 -0.178418 -0.178260 -0.254811 -1.118703 0.666294 
101 -0.702023 -0.487666 0.437370 0.099222 0.149830 0.471291 0.558471 1.007174 -0.877717 -0.162080 0.964727 -0.873858 0.434369 1.819200 -0.666665 -0.032671 -0.137303 -0.575925 0.208606 -2.002149 
106 0.227283 0.860772 0.109979 -0.128689 0.847225 0.653585 0.268999 1.355627 0.305281 0.735725 0.399378 -0.203458 -0.749644 1.321625 -1.046082 -1.114409 0.832040 -0.116525 -0.050020 -0.862851 
108 -0.232157 -0.457887 -0.643128 -0.623462 1.056458 0.956027 0.102570 0.633776 -1.000647 1.550084 0.933794 -0.155573 -0.815775 2.122216 -0.450575 0.017983 0.534072 -0.243803 0.220603 -0.027977 
